0
97
46
38
84
87
39
92
33
50
11
66
85
71
24
15
72
74
21
33
42
25
95
28
77
26
1
24
83
13
72
5
30
47
89
30
41
88
93
50
20
47
86
9
58
17
88
37
47
35
77
53
53
93
86
97
57
27
24
54
23
96
42
95
70
94
44
1
77
38
2
56
34
35
55
93
15
6
58
61
37
55
60
58
4
10
29
12
100
56
54
44
23
5
76
48
91
60
37
76
100
52
22
92
15
63
24
65
41
3
94
84
79
58
96
4
71
44
3
19
19
84
23
23
8
41
61
59
71
83
31
24
51
95
88
12
99
12
84
10
31
40
20
62
33
36
60
4
39
16
30
10
13
98
88
92
66
50
60
88
32
30
19
83
6
81
11
26
86
7
16
83
24
6
84
91
39
59
84
3
43
64
7
87
31
31
35
80
91
2
84
32
32
8
29
41
2
50
87
92
58
6
84
82
79
74
71
8
30
54
64
96
32
85
42
37
47
78
83
54
6
46
61
33
62
7
71
8
32
31
99
42
81
100
61
69
36
10
15
22
97
60
95
42
24
45
93
54
10
29
94
87
2
28
64
53
15
37
4
78
44
4
46
16
5
29
46
58
2
100
52
8
17
52
90
78
26
90
34
93
36
77
81
48
9
1
93
40
95
2
52
92
32
9
32
82
96
20
86
14
74
80
54
67
84
2
22
49
14
58
91
93
38
57
84
57
91
17
37
38
57
43
90
58
55
31
23
99
27
81
22
68
84
27
36
33
49
51
42
42
14
17
86
98
25
20
77
86
26
86
35
3
45
46
90
63
64
38
35
60
30
83
47
83
79
79
18
89
71
14
73
19
74
74
51
78
62
37
34
8
38
28
2
56
45
14
17
44
17
19
48
66
98
39
73
73
42
100
92
59
15
96
31
76
75
2
56
46
16
23
75
59
97
78
37
44
98
16
49
95
96
75
99
14
62
24
25
86
16
96
98
83
49
13
27
92
25
85
69
80
9
19
58
70
24
55
96
32
48
55
88
30
2
75
75
5
64
49
91
80
45
24
8
85
47
52
56
13
73
52
37
52
35
6
99
3
23
17
80
27
59
40
14
25
99
96
33
8
31
11
89
84
74
20
83
20
43
74
29
19
67
66
8
25
12
10
26
16
58
38
36
54
83
64
41
56
89
90
20
66
70
33
27
86
39
77
99
74
47
44
70
4
54
91
17
88
1
96
81
95
94
93
4
84
34
63
94
96
59
74
98
36
59
54
87
75
56
63
40
39
68
72
2
15
3
98
42
26
58
22
36
47
87
87
98
1
40
41
96
75
61
60
39
82
47
36
87
96
50
68
87
88
70
72
32
97
51
43
77
23
72
89
53
90
80
39
71
4
20
97
79
42
39
80
48
100
86
5
13
54
10
23
27
6
98
13
11
63
96
29
77
58
95
37
13
11
84
13
48
42
77
87
57
8
25
70
49
99
1
30
72
43
42
97
95
86
57
7
58
96
33
76
5
25
13
62
86
41
14
61
44
76
90
75
89
99
28
7
20
78
40
78
17
86
41
52
85
92
81
56
55
68
49
3
32
50
40
54
15
53
39
47
42
93
92
75
55
25
90
94
53
30
92
77
20
15
97
32
93
47
94
98
48
53
72
23
16
89
92
4
92
54
81
79
81
22
26
33
33
97
79
13
78
36
48
15
83
18
42
12
14
27
11
24
82
92
9
10
29
98
4
42
15
12
98
78
9
12
32
80
61
48
68
3
83
68
88
68
56
15
62
8
36
24
35
87
40
7
78
16
78
83
81
48
90
14
13
39
80
82
18
2
46
95
100
88
93
18
10
39
86
87
86
65
43
85
33
66
39
5
42
30
23
95
52
93
11
50
51
41
44
55
61
34
35
57
13
26
74
34
46
91
27
8
33
15
83
33
33
61
74
65
88
12
13
35
7
78
50
56
81
11
66
91
41
39
33
54
13
45
29
99
49
31
10
60
63
25
2
76
100
37
97
42
6
30
5
76
99
59
79
30
97
34
28
26
59
14
30
86
60
49
42
85
21
53
45
61
86
34
26
92
17
88
31
89
30
67
31
59
41
87
8
52
31
51
10
30
15
86
98
29
60
17
55
83
83
1
4
4
58
54
38
62
1
71
34
37
94
92
61
66
12
54
6
32
98
97
21
59
35
18
89
79
41
92
72
97
99
90
49
85
18
61
56
35
82
88
31
44
54
22
79
87
40
56
85
98
46
48
75
23
19
52
15
81
48
97
6
24
90
32
96
59
91
89
75
5
96
49
81
96
6
51
84
1
46
31
66
33
31
45
55
36
57
61
23
77
33
85
68
45
37
54
47
2
94
58
78
99
82
74
99
19
11
98
56
23
97
38
4
15
39
8
90
22
77
89
81
13
35
87
57
28
58
8
67
48
2
36
79
54
67
5
39
77
4
88
8
99
99
57
88
50
8
22
64
57
76
95
78
61
45
87
64
37
50
26
45
93
74
96
73
46
32
95
65
52
54
29
30
68
24
52
88
16
82
64
27
1
53
57
15
31
4
36
6
48
24
31
47
16
2
100
49
54
93
79
10
82
6
58
9
67
22
98
30
55
86
38
37
19
32
44
90
65
7
98
64
84
10
29
4
76
41
97
91
32
85
94
42
83
97
9
11
46
46
34
31
89
89
61
48
27
4
84
53
42
67
60
32
32
43
46
77
16
53
26
68
69
44
72
52
44
42
17
99
6
26
29
85
4
61
35
50
51
46
52
80
63
53
11
99
97
5
98
80
64
81
10
33
1
83
65
76
13
60
100
98
29
78
2
3
100
20
85
8
100
78
26
75
89
24
15
89
27
96
82
90
31
93
45
13
50
19
8
81
34
29
36
64
49
88
63
70
81
20
27
42
55
25
87
25
100
51
63
48
20
74
67
10
70
19
6
19
31
1
11
14
25
66
52
85
44
98
78
89
52
65
58
91
90
83
59
57
33
47
10
72
64
2
87
44
59
72
91
26
34
18
52
2
70
63
32
51
61
67
10
80
55
74
51
32
14
77
48
78
78
68
37
19
11
10
7
62
96
60
45
18
39
44
91
96
11
9
78
94
88
53
89
82
95
54
82
23
79
42
51
18
38
15
57
70
14
21
75
63
12
40
27
29
81
72
64
23
43
56
8
68
4
54
81
71
99
86
59
57
62
37
92
64
20
81
87
83
18
69
54
4
9
98
55
67
10
49
66
13
41
33
59
47
100
60
95
19
20
49
9
16
85
35
82
68
6
35
65
35
66
81
77
56
67
37
88
71
26
10
11
97
36
73
49
100
5
99
48
42
31
49
67
4
57
2
75
34
12
85
60
72
5
84
22
37
90
41
21
24
9
41
83
85
56
98
66
11
85
96
17
91
26
59
34
18
7
71
67
67
79
36
79
48
85
14
31
93
88
57
6
36
75
17
41
75
55
63
31
17
53
100
10
14
24
94
62
29
3
100
39
33
87
61
32
9
23
56
75
18
82
34
61
81
92
8
36
47
5
65
66
19
40
71
38
83
19
15
5
33
51
11
5
69
46
78
67
6
70
70
71
97
57
13
41
54
15
91
32
4
37
98
2
52
40
17
81
77
74
36
100
49
37
99
53
76
70
17
34
14
35
37
52
46
50
68
22
55
48
77
77
77
12
48
25
5
47
79
59
23
16
43
67
22
45
87
16
60
52
23
82
94
63
56
78
94
68
2
71
22
23
81
40
67
49
29
30
77
38
69
5
85
12
58
25
88
18
84
9
85
58
24
9
8
11
28
100
72
37
67
36
5
61
71
13
50
15
74
57
13
59
52
98
84
21
58
84
33
22
21
80
33
87
75
58
56
28
29
41
41
32
66
9
94
63
37
76
4
96
30
44
15
74
86
41
18
25
82
71
71
14
30
10
99
86
39
9
72
12
20
31
48
91
98
37
99
62
89
43
47
62
15
84
16
47
70
70
59
14
83
13
55
63
98
68
83
59
93
1
50
3
7
24
54
51
12
56
42
61
43
65
88
88
84
23
1
85
99
58
2
10
47
2
50
30
73
16
98
100
96
64
91
23
21
5
56
85
15
3
38
12
55
42
92
30
8
16
54
39
84
19
69
32
94
65
13
13
18
13
23
44
75
41
82
69
73
61
26
92
10
40
46
47
15
5
7
94
73
66
32
30
52
6
52
67
22
14
22
53
12
91
91
58
26
88
4
53
41
55
4
100
35
70
9
49
2
65
11
19
35
67
23
58
2
65
38
95
19
84
33
90
67
97
79
46
74
12
19
61
92
58
66
64
14
45
17
79
97
94
86
52
69
59
14
56
30
23
53
73
95
89
56
72
84
78
32
77
32
34
97
58
31
73
47
73
14
36
55
56
3
31
2
76
90
52
68
62
13
79
3
3
85
22
87
69
50
67
53
100
15
16
82
8
70
34
51
28
78
54
2
63
36
42
68
61
62
11
44
42
72
49
21
42
67
17
14
15
93
97
6
82
50
77
73
74
93
2
32
90
5
90
62
24
87
59
33
56
14
74
37
98
72
35
70
9
39
62
78
9
41
88
45
65
48
64
47
36
62
89
71
85
89
30
85
50
86
69
10
34
33
38
69
70
7
88
30
49
29
2
37
68
59
60
88
78
17
82
65
53
47
3
8
96
89
1
56
81
99
94
63
25
27
84
5
8
34
67
11
85
12
50
31
54
53
29
51
17
26
70
84
69
52
60
7
9
4
99
13
44
91
80
82
79
27
1
29
100
5
52
67
84
44
43
88
26
23
29
69
95
44
27
15
91
75
30
78
43
44
55
47
35
64
78
13
40
70
13
44
41
19
56
83
36
60
1
29
31
38
9
7
99
30
67
61
51
30
31
32
20
65
23
71
54
48
78
16
20
54
63
30
65
12
14
98
77
59
61
88
55
25
93
55
75
21
43
88
84
24
87
93
92
98
71
24
76
24
75
65
61
86
48
81
55
3
94
27
25
69
58
53
6
8
22
32
52
29
19
32
29
13
57
30
52
2
11
31
50
37
8
87
33
28
88
44
15
13
19
5
20
23
43
42
99
79
24
78
57
45
6
95
30
95
100
27
68
38
16
61
52
13
18
15
51
60
77
90
26
32
65
75
62
53
68
7
77
33
51
78
24
47
95
90
30
87
53
41
8
4
87
57
5
53
82
33
44
76
4
5
85
91
97
98
89
4
84
22
94
37
2
87
31
20
28
54
80
13
93
19
74
24
7
67
79
72
89
13
10
91
67
94
88
63
11
68
26
73
37
78
85
79
1
22
71
32
82
64
77
41
54
36
54
81
91
21
30
70
62
91
24
64
70
7
100
5
100
100
28
10
76
37
18
36
69
21
5
27
22
73
27
85
53
40
74
74
96
86
73
70
90
39
16
53
81
98
72
70
41
27
55
84
98
23
20
38
14
30
38
21
25
41
50
87
84
68
61
45
33
37
82
41
58
20
83
6
72
74
97
10
6
67
97
22
10
43
11
15
26
79
89
56
46
100
98
49
4
25
57
7
58
75
56
76
16
41
95
93
15
57
87
32
27
40
84
99
45
43
93
52
65
17
38
71
41
86
63
35
22
43
73
51
14
16
23
16
48
45
20
50
91
71
64
33
70
99
20
33
1
60
33
64
5
70
94
88
76
99
54
2
98
80
76
86
68
24
70
34
41
69
74
43
26
94
38
43
72
50
3
87
63
64
65
18
70
23
67
71
46
27
99
29
1
36
79
7
1
15
17
3
71
30
16
24
41
22
75
24
68
87
66
55
59
25
88
56
75
64
12
87
22
39
80
15
59
54
71
97
65
6
78
84
51
93
31
3
54
78
82
84
77
90
74
49
29
73
77
7
62
71
12
43
53
19
4
39
1
100
32
93
45
82
79
56
64
30
20
52
19
85
20
80
100
59
14
48
38
86
41
13
36
78
45
97
85
91
19
40
35
1
29
59
17
52
70
19
43
45
99
23
67
6
26
2
12
10
71
27
98
37
15
56
83
81
67
75
19
73
63
15
99
83
69
2
21
5
55
95
82
71
72
59
1
100
48
14
6
84
61
9
72
33
12
83
22
48
25
57
96
24
87
60
73
81
57
29
65
19
22
53
87
78
23
80
20
4
22
98
10
25
91
11
85
78
75
38
76
29
36
60
28
11
19
25
50
52
15
89
61
15
71
1
11
93
52
91
25
25
70
73
47
48
74
4
12
99
73
28
14
46
4
72
97
54
24
93
4
25
20
8
22
86
76
85
13
31
88
38
55
91
31
32
21
89
13
31
100
83
7
31
40
84
15
55
39
35
86
98
58
41
37
20
99
65
2
80
67
93
14
63
66
25
86
23
65
96
31
4
84
71
80
60
9
96
5
37
34
16
50
61
68
45
15
90
10
27
79
80
42
49
79
46
61
5
52
50
51
65
3
56
4
93
80
74
48
73
57
98
56
15
49
72
27
8
34
46
85
16
34
54
62
86
33
90
24
58
5
7
9
15
62
77
71
44
42
100
69
58
53
16
16
39
63
9
65
4
84
33
99
14
20
67
17
100
52
67
95
55
14
83
73
32
14
57
15
62
63
5
38
48
35
39
39
79
7
36
39
4
26
80
48
90
67
94
8
5
87
18
56
76
100
31
47
31
87
12
23
23
69
90
85
97
94
2
57
13
79
70
28
35
100
93
89
18
61
15
55
71
31
84
5
74
95
49
5
2
82
90
18
75
9
86
10
60
10
46
88
43
35
34
30
13
52
46
63
56
41
19
52
40
58
3
35
69
6
1
63
50
44
56
38
34
77
54
15
68
95
39
62
78
93
100
56
61
15
96
64
39
43
24
91
75
79
13
91
98
77
42
40
1
17
41
76
35
25
62
34
64
54
4
93
35
76
36
68
71
35
53
74
52
31
69
70
72
87
22
1
23
9
64
26
44
97
7
50
91
63
39
75
12
2
97
78
39
81
87
19
37
88
40
1
82
22
32
26
4
41
68
91
59
54
33
48
24
47
14
46
22
87
62
95
89
81
100
33
37
89
77
87
27
21
74
60
73
35
23
47
17
54
28
30
75
68
4
82
8
27
65
100
64
84
7
96
17
27
99
25
43
68
64
17
10
45
28
57
83
67
38
87
14
19
47
64
17
11
14
64
13
60
18
56
97
4
15
85
44
80
33
9
88
55
74
13
53
100
20
61
58
58
19
20
60
62
54
97
46
56
83
68
89
47
50
51
4
2
99
51
49
92
47
66
96
87
77
80
5
31
29
55
78
54
31
28
31
80
60
76
93
9
69
87
9
89
48
92
23
64
89
51
82
41
96
69
9
59
43
57
59
25
79
50
62
74
32
59
84
43
98
83
87
78
17
100
12
38
14
85
63
100
56
65
83
47
63
34
70
62
66
41
43
67
19
21
44
11
95
26
100
52
5
13
51
11
33
30
26
81
61
10
64
41
46
46
69
47
15
56
94
43
4
14
21
30
28
42
39
10
68
11
38
80
41
91
63
98
88
44
48
59
75
72
5
23
51
27
3
82
54
14
18
44
2
93
89
51
40
14
83
40
63
74
69
95
53
24
56
7
27
57
30
51
62
26
71
51
16
67
34
16
34
21
22
50
82
52
28
90
15
39
31
20
22
70
81
27
24
94
72
100
82
45
3
61
71
68
87
29
91
25
48
69
33
20
94
20
9
26
38
40
44
14
9
4
98
28
18
83
78
82
89
17
88
65
58
51
8
25
10
3
3
19
28
30
58
82
67
11
88
59
34
65
65
18
100
63
91
47
82
31
57
58
99
44
55
100
58
12
65
2
2
83
98
28
18
35
87
46
39
35
95
88
93
74
31
85
12
53
59
26
91
6
16
68
45
51
35
51
55
32
16
96
49
70
31
18
10
56
90
12
58
47
75
3
68
76
59
30
90
51
89
9
23
25
27
7
60
46
68
32
18
19
100
82
62
69
24
62
100
91
62
91
79
69
61
61
21
96
94
68
77
35
22
15
30
86
38
88
77
25
38
64
11
56
50
92
95
10
81
51
32
17
59
87
36
78
36
43
16
79
20
17
81
38
83
40
44
97
6
80
65
58
13
25
98
38
4
41
100
59
36
93
21
45
13
49
57
44
60
50
14
30
38
46
33
3
9
4
6
22
90
5
32
19
5
47
67
84
46
34
36
10
26
69
31
2
91
84
40
30
3
15
85
94
78
22
57
32
81
82
66
4
17
88
12
51
10
73
20
93
78
65
55
48
12
78
44
22
84
75
7
29
2
44
38
24
90
64
16
34
88
10
80
85
8
54
27
25
63
49
21
2
96
30
65
3
52
64
67
42
79
16
38
24
68
21
69
59
74
15
46
56
47
40
86
61
11
88
20
71
15
70
60
37
12
49
69
85
75
84
42
4
50
36
21
6
31
22
48
37
73
95
79
71
57
41
43
96
11
14
54
38
96
25
57
93
4
70
38
26
48
59
26
86
49
85
53
78
38
91
44
73
62
49
80
53
6
15
32
91
17
40
48
95
13
20
84
66
48
99
55
88
84
26
6
84
4
78
72
22
59
71
61
69
36
29
73
8
2
14
2
11
25
36
37
100
78
79
15
14
5
3
80
78
33
35
45
28
79
8
83
100
61
80
89
25
18
49
20
58
88
7
61
25
89
12
54
26
81
23
64
36
25
1
44
43
38
87
11
59
15
46
67
34
97
47
64
79
72
95
97
89
16
91
54
42
77
18
66
67
75
55
48
84
72
89
68
85
15
4
40
66
55
60
44
56
20
95
50
56
89
6
30
86
40
88
45
30
76
89
35
16
14
58
78
69
1
66
1
78
81
93
52
98
36
69
1
31
24
91
80
9
12
89
10
29
27
62
44
46
39
58
66
38
59
2
36
44
57
69
55
9
32
34
18
64
55
60
24
49
99
52
85
12
25
87
22
65
92
8
96
19
75
79
29
67
1
5
5
99
59
47
61
44
25
13
92
29
84
27
31
28
11
8
44
82
77
4
67
11
58
8
23
34
10
85
89
62
24
51
27
63
33
31
66
77
57
82
7
94
43
19
30
98
30
69
16
43
44
68
43
9
17
64
11
20
53
19
98
4
89
35
56
20
85
56
60
27
28
98
69
24
99
74
21
98
21
83
52
1
47
49
3
45
72
19
20
10
22
93
28
88
80
38
60
28
18
19
100
90
42
33
63
75
6
83
81
46
65
96
41
86
9
2
26
58
49
98
30
45
88
31
38
41
3
91
90
53
50
15
39
43
73
3
98
71
42
69
8
47
89
44
88
46
11
64
66
99
75
14
7
79
19
24
14
7
50
39
70
12
18
15
95
15
87
45
74
89
19
72
83
38
35
65
70
56
29
19
49
72
46
15
84
81
39
37
85
97
3
79
54
89
45
41
69
15
6
8
50
8
84
51
20
27
97
81
66
72
49
71
52
78
34
27
29
93
24
32
86
97
26
73
63
62
66
82
76
37
55
78
50
34
33
77
23
15
89
47
80
7
80
73
59
11
53
94
81
69
62
24
56
33
66
63
61
42
30
27
21
44
60
53
88
14
54
16
78
22
64
16
15
1
43
95
96
33
81
48
94
67
10
7
28
51
75
96
71
6
5
23
51
60
59
17
44
7
9
75
18
42
60
64
29
17
19
54
23
2
89
84
37
49
67
39
4
93
20
91
39
56
84
3
4
80
39
87
40
94
45
96
55
41
79
5
44
94
4
92
80
41
39
43
16
31
98
50
80
20
40
84
78
93
51
43
63
31
52
15
1
83
85
23
15
12
15
70
18
18
39
33
92
10
98
78
2
59
74
7
71
95
28
1
21
32
83
74
67
97
95
94
29
57
64
2
72
95
44
42
78
12
24
69
31
13
8
7
14
25
22
37
38
46
58
29
28
41
39
73
8
20
15
18
25
87
26
4
21
62
81
78
26
3
20
82
79
33
37
16
81
43
90
51
14
3
70
4
21
85
57
65
41
49
43
12
3
35
38
92
19
97
14
26
18
16
38
85
11
72
57
52
48
11
55
28
41
65
5
30
54
90
75
9
10
54
99
53
14
24
23
75
68
39
18
7
1
83
84
32
4
83
45
84
65
85
39
69
41
32
58
60
9
7
25
31
94
56
43
36
94
48
74
93
21
19
47
14
76
4
49
56
63
57
44
76
52
50
61
51
89
34
73
56
65
45
75
44
2
11
83
28
97
75
25
91
21
31
16
100
100
82
76
37
30
82
43
51
30
14
67
56
35
76
64
80
76
51
80
9
56
35
8
70
77
50
67
62
47
64
95
95
84
29
56
40
90
66
27
31
72
91
58
13
33
22
3
37
70
58
52
48
34
97
78
45
10
86
14
24
2
51
15
17
76
23
86
24
60
100
86
76
18
78
72
8
33
46
67
16
33
81
90
80
15
87
8
9
100
79
82
97
90
17
22
28
44
22
86
35
72
81
72
45
31
94
85
22
8
85
2
53
34
7
75
76
72
87
7
75
20
69
37
3
82
3
93
20
78
22
40
98
41
58
25
45
78
92
83
46
14
28
48
8
8
65
38
50
37
8
12
5
29
86
85
48
49
50
22
25
96
32
68
9
50
95
90
87
8
21
83
61
72
37
51
12
97
25
20
51
49
8
34
57
72
86
19
46
61
40
11
70
95
16
26
71
55
52
31
28
79
68
62
58
76
91
23
51
56
90
81
67
83
26
32
79
51
77
2
41
9
40
30
88
30
91
69
17
55
76
20
56
53
49
32
22
11
24
72
72
44
97
43
78
46
60
30
76
56
16
21
92
40
33
87
30
87
27
88
78
8
36
5
3
22
79
27
85
55
97
10
4
30
3
16
19
89
5
50
70
73
5
91
84
5
32
56
25
23
20
74
8
42
27
86
49
66
96
71
69
70
30
46
85
2
78
35
71
3
10
29
93
99
53
95
86
15
90
69
38
49
78
2
44
7
72
40
24
1
86
83
87
61
42
49
46
42
58
98
37
98
28
79
83
21
56
94
28
26
61
6
83
85
46
27
36
92
19
98
97
5
26
8
91
46
41
8
81
41
41
20
89
72
71
72
79
6
35
47
66
45
18
70
82
35
90
36
40
21
100
25
67
97
28
44
34
83
55
73
55
7
37
69
71
39
56
49
66
97
39
12
9
96
21
23
4
17
67
50
7
61
69
94
94
100
38
100
46
8
25
67
20
82
21
62
67
16
34
56
12
31
91
42
27
38
9
3
63
25
34
14
33
9
37
33
86
65
65
98
34
6
27
42
86
66
64
36
83
32
93
14
95
77
49
50
7
47
30
57
9999